160309066000
160309065000
330603031000
330603031000
190408060000
21212044000
21212035000
21212016000
21212037000
21212036000
21212009000
21212144000
21212017000
190408061000
340602048000
330603064000
330603107000
330603109000
330603058000
21212012000
21212012000
21212038000
330603060000
160309067000
330603059000
201003043000
21212022000
21212022000
21213032000
190405033000
330603047000
330603046000
330603032000
330603055000
330603049000
330603053000
21212079000
201004011000
201004013000
21212015000
21211004000
21211004000
21211004000
21212152000
21212041000
190408043000
21212021000
330603052000
190408066000
190408066000
21212142000
21212143000
201004009000
201003080000
21212030000
201004010000
21212072000
21212077000
21212077000